45
143
603
744
753
793
878
918
947
1086
1141
1197
1266
1334
1370
1533
1534
1611
1732
1763
2144
2161
2186
2223
2235
2310
2433
2636
2694
2713
2725
2840
2842
2850
2949
2960
3017
3091
3157
3183
3241
3247
3348
3449
3499
3619
3664
3691
3730
3737
3940
3966
4024
4093
4203
4214
4244
4259
4308
4330
4343
4413
4502
4521
4529
4539
4609
4630
4689
4691
4708
4876
5016
5151
5220
5224
5318
5462
5467
5514
5604
5609
5632
5853
6020
6135
6160
6209
6278
6308
6330
6412
6486
6516
6549
6689
6760
6932
6997
7059
7082
7141
7157
7228
7276
7293
7371
7422
7469
7529
7548
7563
7795
7801
7839
7927
8084
8293
8374
8410
8443
8444
8530
8555
8749
8758
8879
8886
8973
9053
9095
9119
9121
9224
9289
9393
9592
9617
9708
9731
9808
9853
9999
10012
10036
10136
10160
10218
10307
10370
10450
10477
10518
10542
10616
10702
10853
11154
11190
11250
11255
11490
11537
11567
11580
11590
11600
11675
11694
11778
11834
11838
11875
11958
12177
12182
12184
12214
12252
12284
12307
12356
12379
12611
12626
12730
12805
12840
12938
12960
12987
13082
13105
13140
13315
13325
13331
13380
13429
13456
13467
13516
13552
13628
13643
13686
13728
13775
13849
13920
13958
13993
13999
14030
14105
14145
14152
14175
14304
14313
14357
14381
14390
14408
14470
14559
14571
14615
14676
14771
14833
14858
14877
14901
14906
14909
14913
14949
15238
15612
15615
15652
15688
15787
15863
15864
15878
15953
15957
15968
16037
16055
16100
16118
16122
16148
16156
16224
16255
16293
16315
16329
16626
16704
16746
16782
16907
16930
16970
17013
17014
17032
17078
17151
17187
17287
17338
17360
17390
17516
17549
17587
17598
17610
17686
17777
17788
17816
17865
17947
17952
17957
17975
18004
18088
18111
18140
18294
18311
18365
18491
18522
18682
18703
18716
18821
18891
18943
19011
19061
19082
19125
19184
19239
19334
19349
19386
19469
19485
19487
19497
19539
19561
20008
20015
20100
20140
20165
20193
20194
20214
20215
20236
20294
20296
20322
20466
20547
20565
20589
20645
20706
20783
20784
20790
20812
20817
21043
21140
21204
21280
21308
21408
21791
21833
21925
22137
22176
22233
22268
22337
22346
22360
22361
22451
22561
22565
22648
22888
22957
23165
23219
23230
23265
23330
23375
23522
23650
23687
23694
23726
23836
23850
23860
23868
23971
23995
24192
24263
24332
24343
24404
24423
24437
24533
24637
24656
24675
24787
24877
24962
24965
25126
25145
25150
25161
25166
25189
25279
25436
25505
25605
25607
25759
25917
26025
26108
26294
26337
26593
26619
26721
26802
26815
26889
26914
27010
27045
27116
27180
27254
27265
27315
27366
27428
27574
27594
27984
28043
28156
28201
28247
28277
28417
28424
28461
28607
28639
28655
28735
28791
28794
28960
29016
29064
29067
29122
29170
29382
29434
29534
29551
29564
29744
29767
29844
29875
29885
29892
30053
30093
30130
30136
30224
30251
30297
30314
30391
30410
30441
30574
30632
30872
30891
30910
31153
31161
31194
31455
31520
31685
31687
31691
31802
31815
31834
31943
31944
32065
32073
32206
32262
32407
32450
32496
32507
32508
32683
32684
32791
32830
32902
33087
33225
33290
33306
33390
33399
33409
33623
33687
33796
33878
33956
34023
34217
34406
34482
34495
34499
34602
34607
34684
34690
34731
34741
34784
35032
35037
35109
35125
35228
35466
35544
35556
35884
35905
36046
36069
36092
36165
36338
36424
36483
36527
36566
36623
36648
36663
36678
36731
36742
36750
36766
36824
36930
37008
37063
37183
37247
37608
37782
37837
37853
38101
38124
38206
38263
38287
38297
38332
38480
38501
38544
38621
38686
38928
38995
39045
39059
39062
39073
39108
39127
39131
39194
39292
39316
39332
39351
39443
39598
39670
39741
39777
39802
39814
39816
39834
39906
40023
40158
40314
40471
40596
40781
40858
40860
40938
40953
40984
41240
41379
41403
41646
41694
41737
41761
41838
41921
41984
41990
42006
42009
42068
42081
42161
42167
42172
42180
42224
42237
42243
42245
42438
42562
42577
42619
42646
42808
42921
42967
43215
43253
43273
43490
43549
43620
43649
43668
43739
43741
43771
43790
43833
43852
43918
43925
43931
43971
44022
44063
44223
44231
44240
44260
44328
44359
44403
44536
44881
44907
44922
44956
44957
45008
45009
45053
45107
45131
45157
45236
45291
45324
45327
45351
45528
45581
45646
45648
45792
45808
45870
45940
45968
45969
46088
46336
46366
46454
46664
46685
46769
46783
46829
46986
46992
46996
47265
47350
47391
47456
47669
47699
47702
47705
47727
47776
47860
47884
47890
47970
47980
48004
48082
48161
48169
48170
48179
48204
48261
48288
48311
48341
48426
48486
48490
48498
48502
48583
48609
48628
48661
48712
48742
48761
48782
48783
48877
48906
48960
49034
49046
49236
49436
49455
49484
49606
49645
49700
49855
49876
50028
50086
50195
50220
50230
50265
50288
50377
50434
50450
50468
50509
50580
50618
50659
50699
50809
51048
51050
51061
51142
51159
51293
51365
51562
51603
51634
51679
51848
51864
51890
51979
52143
52205
52272
52344
52390
52410
52609
52613
52620
52695
52753
52878
52883
53006
53027
53085
53171
53290
53338
53362
53377
53399
53418
53480
53624
53640
53675
53770
53790
53811
53812
53870
53871
53887
53915
53972
53976
53998
54008
54069
54179
54287
54456
54465
54500
54512
54534
54553
54562
54571
54587
54653
54673
54674
54955
54960
54976
55002
55004
55039
55054
55139
55309
55311
55326
55374
55608
55630
55634
55683
55694
55698
55699
55742
55756
55787
55840
56007
56075
56102
56274
56289
56429
56498
56580
56638
56751
56778
56784
56808
56840
57097
57100
57239
57290
57419
57469
57614
57751
57868
58085
58181
58218
58236
58254
58268
58373
58489
58670
58757
58779
58800
58904
58942
58957
59083
59272
59292
59361
59501
59553
59635
59689
59846
59875
59941
60028
60087
60123
60149
60159
60163
60191
60192
60207
60241
60396
60514
60621
60708
60720
60878
60900
60941
60945
60979
61202
61217
61402
61415
61508
61566
61685
61751
61813
61935
61939
61984
62006
62015
62079
62114
62168
62186
62210
62506
62563
62770
62811
62862
62888
62941
63120
63203
63367
63475
63476
63527
63584
63692
63786
63947
64119
64271
64341
64590
64620
64621
64680
64711
64788
64856
64990
65019
65062
65064
65125
65230
65252
65274
65304
65314
65382
65386
65425
65694
65761
65791
65812
65894
65928
66022
66051
66063
66065
66181
66218
66326
66354
66377
66378
66381
66441
66518
66529
66564
66743
66753
66797
66982
67097
67121
67197
67203
67316
67442
67495
67535
67560
67611
67632
67694
67722
67881
67882
67918
68022
68161
68201
68469
68475
68499
68500
68652
68746
68748
68758
68808
68855
68925
68932
69119
69156
69220
69452
69516
69517
69576
69626
69693
69749
69923
69925
69990
70076
70126
70241
70255
70357
70461
70521
70572
70603
70617
70637
70670
70707
70828
70916
70933
70959
71077
71180
71198
71220
71262
71269
71341
71352
71388
71409
71540
71561
71637
71675
71919
71934
71979
72034
72134
72289
72294
72370
72393
72532
72590
72591
72629
72651
72695
72801
72815
72818
73001
73031
73038
73101
73118
73156
73175
73219
73233
73394
73414
73415
73439
73448
73456
73503
73580
73608
73636
73666
73671
73739
73766
73790
74093
74247
74260
74283
74315
74393
74396
74415
74437
74462
74471
74561
74608
74614
74683
74777
74949
74961
74988
75026
75105
75365
75418
75560
75675
75713
75933
75936
76031
76084
76241
76323
76369
76389
76398
76468
76531
76641
76708
76726
76794
76904
77077
77108
77203
77210
77286
77400
77404
77467
77537
77543
77569
77600
77614
77662
77833
77891
77951
77980
78075
78095
78175
78339
78367
78375
78381
78463
78467
78498
78536
78580
78638
78719
78790
78797
78928
78945
78957
79025
79028
79049
79058
79066
79070
79157
79439
79529
79582
79593
79647
79676
79688
79691
79707
79724
79734
79779
79786
79839
79874
79876
79879
79890
79928
79970
80155
80162
80180
80209
80218
80233
80241
80318
80324
80407
80424
80558
80690
80700
80721
81245
81290
81315
81502
81578
81614
81720
81802
81851
81893
82027
82069
82425
82447
82486
82500
82522
82539
82615
82627
82631
82754
82858
83034
83059
83168
83171
83269
83270
83276
83338
83442
83557
83624
83651
83707
83715
83828
83910
83923
83926
83938
84018
84040
84065
84170
84216
84351
84396
84432
84521
84687
84729
84732
84831
85045
85298
85299
85354
85419
85424
85491
85506
85592
85620
85626
85642
85706
85805
85813
85894
85961
86003
86316
86356
86370
86405
86497
86521
86594
86658
86693
86795
87032
87040
87097
87104
87189
87257
87318
87337
87350
87357
87366
87498
87779
87874
88074
88075
88127
88131
88135
88163
88194
88226
88246
88289
88319
88344
88446
88503
88691
88694
88718
88738
88772
88779
88945
88990
89011
89013
89081
89093
89221
89312
89391
89398
89544
89569
89670
89711
89717
89724
89753
89866
89870
89895
89944
89991
90043
90151
90304
90339
90364
90385
90479
90519
90537
90555
90625
90661
90672
90692
90711
90766
90844
90912
90953
90960
90974
90991
91075
91086
91092
91192
91202
91214
91343
91353
91424
91475
91586
91651
91692
91712
91788
91941
92004
92147
92323
92366
92533
92580
92599
92611
92620
92719
92746
92767
92792
92921
93060
93117
93230
93263
93319
93384
93426
93466
93477
93512
93517
93570
93611
93692
93744
93758
93818
93871
93908
93931
93943
94034
94155
94275
94291
94343
94356
94498
94504
94729
94778
94779
94784
94802
94886
94898
94919
95256
95303
95375
95420
95463
95496
95514
95554
95594
95678
95738
95763
95783
95837
95866
95883
95905
95925
95946
96005
96049
96164
96172
96178
96192
96216
96221
96232
96333
96469
96515
96589
96744
96759
96832
96867
96874
96971
96975
96980
97050
97084
97161
97165
97169
97190
97400
97522
97581
97616
97666
97845
97851
97948
97987
98089
98199
98323
98358
98423
98450
98630
98637
98654
98678
98824
98901
98948
98963
99267
99285
99359
99518
99573
99618
99638
99707
99734
99799
99926
99994
100015
100095
100150
100209
100241
100271
100292
100412
100418
100602
100796
100806
100916
101036
101037
101294
101351
101396
101470
101493
101619
101634
101800
101824
102030
102084
102223
102348
102468
102554
102567
102581
102596
102630
102631
102635
102771
102990
102994
103143
103146
103227
103292
103321
103398
103596
103623
103677
103744
103796
103807
104008
104009
104032
104163
104201
104268
104347
104412
104545
104648
104763
104776
104817
104972
105009
105050
105121
105225
105230
105368
105404
105454
105758
105866
105932
106051
106056
106099
106128
106135
106146
106201
106266
106287
106418
106442
106452
106487
106568
106603
106635
106794
106817
106876
106939
107003
107096
107097
107161
107299
107353
107442
107458
107759
107788
107825
107891
107973
108195
108207
108223
108235
108324
108580
108612
108680
108721
108763
108883
109071
109079
109298
109333
109398
109412
109464
109467
109477
109481
109493
109497
109540
109629
109635
109714
109754
109764
109795
109863
109893
109943
110014
110032
110033
110111
110116
110143
110282
110301
110335
110401
110439
110476
110499
110640
110808
110819
110849
110854
110926
111037
111044
111061
111089
111090
111195
111207
111267
111426
111545
111596
111637
111656
111668
111755
111805
111823
111868
111922
111934
112190
112203
112215
112280
112407
112447
112572
112585
112617
112641
112661
112683
112812
113052
113085
113134
113158
113165
113166
113222
113255
113335
113419
113497
113767
113775
113915
113964
114064
114070
114110
114144
114287
114319
114326
114347
114400
114524
114552
114559
114702
114753
114784
114805
114809
114830
114846
114864
114910
114933
114953
114994
115028
115227
115297
115430
115487
115742
115753
115788
116142
116167
116177
116248
116281
116317
116341
116375
116479
116490
116501
116590
116600
116670
116696
116731
116754
116810
116841
117064
117087
117247
117278
117437
117470
117559
117630
117728
117880
117962
118018
118121
118160
118262
118301
118318
118349
118394
118426
118442
118543
118585
118690
118760
118886
118888
118897
118937
118952
118967
119020
119060
119089
119096
119142
119274
119337
119338
119341
119381
119413
119549
119617
119665
119897
119967
119998
120065
120147
120173
120197
120360
120377
120561
120663
120824
120889
120899
120918
120940
120951
121003
121012
121032
121092
121137
121182
121216
121296
121366
121421
121438
121507
121528
121742
121813
121833
121937
121976
122002
122010
122218
122345
122414
122417
122582
122653
122931
123039
123150
123209
123300
123335
123357
123457
123517
123652
123671
123721
123832
123842
123851
123978
124045
124099
124132
124139
124285
124314
124320
124358
124370
124393
124520
124615
124623
124714
124789
124924
124953
124985
125252
125275
125302
125321
125449
125510
125528
125581
125592
125593
125610
125612
125726
125756
125837
125849
125957
126080
126168
126343
126379
126424
126434
126468
126479
126480
126519
126521
126523
126529
126556
126574
126581
126648
126652
126662
126685
126699
126716
126749
126750
126755
126773
126791
126812
126868
126920
126936
126962
126986
127007
127025
127039
127040
127074
127082
127104
127160
127174
127219
127233
127249
127258
127261
127303
127316
127337
127341
127350
127386
127437
127449
127454
127489
127495
127574
127577
127602
127604
127638
127640
127670
127705
127720
127741
127799
127886
127930
127950
127963
127966
127992
128031
128085
128135
128145
128165
128210
128219
128229
128266
128287
128340
128352
128388
128390
128393
128443
128445
128488
128498
128509
128606
128674
128678
128759
128778
128787
128822
128826
128878
128896
128897
128909
128956
128986
129033
129057
129079
129083
129101
129107
129123
129154
129156
129166
129173
129206
129224
129250
129255
129269
129270
129287
129343
129373
129395
129431
129445
129454
129457
129458
129466
129500
129525
129558
129574
129611
129642
129644
129707
129708
129709
129713
129738
129750
129757
129759
129791
129812
129837
129851
129862
129867
129874
129899
129911
129929
129933
129944
129985
129991
129994
130030
130139
130141
130144
130174
130183
130188
130203
130247
130257
130307
130330
130338
130380
130430
130433
130437
130467
130516
130552
130606
130629
130643
130645
130649
130666
130743
130804
130825
130880
130915
130917
130942
130946
131003
131074
131076
131099
131129
131191
131207
131236
131250
131262
131283
131320
131323
131339
131356
131367
131377
131447
131503
131601
131617
131635
131644
131680
131697
131728
131747
131760
131761
131768
131769
131805
131820
131822
131834
131846
131865
131880
131881
131891
131916
132039
132061
132066
132126
132145
132185
132219
132230
132245
132259
132260
132278
132288
132332
132352
132372
132420
132425
132428
132439
132445
132503
132575
132582
132585
132591
132604
132608
132636
132639
132671
132688
132746
132790
132803
132896
132900
132907
132908
132940
132987
133031
133036
133057
133066
133072
133091
133092
133116
133136
133147
133269
133284
133314
133354
133357
133405
133408
133442
133450
133489
133523
133546
133549
133555
133576
133584
133626
133668
133682
133725
133740
133741
133749
133762
133778
133807
133816
133838
133863
133872
133884
133899
133957
133975
133983
133984
133996
134005
134006
134014
134023
134024
134066
134067
134082
134098
134105
134108
134115
134119
134121
134147
134161
134249
134262
134263
134271
134329
134355
134364
134365
134374
134390
134394
134404
134419
134427
134440
134459
134464
134477
134484
134486
134531
134581
134595
134611
134643
134663
134666
134690
134740
134754
134801
134808
134819
134824
134842
134862
134873
134930
134933
134956
134978
134979
134989
134997
135024
135052
135121
135152
135176
135199
135201
135222
135266
135275
135288
135301
135359
135363
135372
135391
135395
135409
135419
135457
135517
135554
135563
135576
135577
135582
135588
135649
135654
135658
135664
135673
135682
135693
135739
135747
135771
135773
135820
135860
135870
135902
135958
135983
136029
136041
136042
136054
136055
136065
136066
136111
136119
136136
136143
136195
136274
136353
136358
136367
136370
136377
136385
136401
136511
136560
136593
136620
136682
136683
136705
136757
136760
136802
136838
136849
136872
136887
136898
136915
136920
136986
137009
137014
137017
137080
137086
137105
137164
137198
137217
137235
137255
137276
137291
137301
137302
137306
137311
137340
137345
137406
137408
137411
137432
137464
137467
137468
137484
137485
137487
137542
137547
137614
137616
137646
137647
137663
137709
137718
137751
137770
137785
137819
137873
137879
137905
137917
137932
137969
138001
138016
138058
138063
138082
138097
138135
138181
138225
138227
138228
138243
138290
138294
138305
138310
138314
138319
138350
138355
138376
138390
138393
138399
138413
138422
138433
138505
138557
138567
138573
138574
138576
138623
138630
138649
138658
138663
138681
138682
138762
138830
138836
138854
138892
138899
138905
138919
138926
138964
138984
138997
139015
139049
139115
139142
139180
139193
139216
139233
139236
139277
139335
139342
139344
139362
139439
139459
139476
139481
139498
139526
139532
139548
139586
139600
139643
139650
139692
139745
139754
139759
139774
139800
139828
139882
139899
139907
139924
139949
139950
139953
139999
140023
140028
140079
140084
140117
140120
140162
140179
140191
140222
140251
140271
140293
140299
140336
140419
140429
140457
140466
140501
140522
140563
140566
140568
140579
140628
140635
140651
140665
140679
140698
140717
140786
140954
140988
141088
141168
141177
141180
141182
141216
141238
141246
141260
141314
141337
141351
141371
141453
141464
141506
141510
141522
141567
141580
141639
141660
141697
141737
141746
141768
141790
141802
141824
141844
141889
141893
141905
141908
141909
141937
141975
141986
141994
142040
142048
142122
142146
142163
142182
142204
142205
142216
142248
142249
142264
142267
142281
142285
142327
142349
142379
142404
142409
142422
142460
142534
142557
142568
142613
142618
142637
142651
142674
142686
142700
142707
142718
142738
142739
142753
142779
142787
142796
142815
142832
142844
142877
142897
142908
142922
142927
142943
142964
142975
142977
142980
143001
143016
143018
143084
143104
143133
143138
143155
143197
143210
143218
143221
143256
143273
143288
143357
143359
143385
143389
143423
143425
143438
143439
143440
143448
143471
143512
143513
143569
143605
143611
143665
143687
143702
143726
143767
143784
143842
143877
143879
143936
143954
143967
143969
143992
143997
144075
144090
144098
144155
144171
144221
144235
144241
144290
144307
144310
144369
144416
144423
144438
144440
144450
144507
144514
144524
144551
144558
144571
144580
144604
144653
144655
144677
144714
144735
144761
144790
144811
144830
144890
144912
144989
144990
145008
145105
145108
145121
145133
145138
145152
145163
145190
145198
145213
145249
145250
145252
145273
145277
145278
145287
145300
145408
145412
145415
145424
145427
145437
145461
145470
145480
145497
145518
145553
145577
145593
145679
145697
145783
145790
145792
145794
145803
145807
145828
145842
145851
145861
145865
145909
145918
145925
145938
145948
145952
145956
146033
146062
146103
146130
146135
146182
146203
146204
146227
146231
146290
146297
146310
146330
146413
146421
146448
146460
146472
146478
146493
146514
146521
146557
146578
146666
146679
146692
146698
146703
146738
146741
146760
146807
146893
146928
146948
146955
146968
147033
147037
147046
147066
147094
147117
147124
147136
147142
147163
147209
147245
147307
147334
147368
147369
147375
147515
147534
147541
147561
147579
147590
147596
147621
147658
147683
147733
147739
147748
147784
147800
147804
147844
147847
147859
147878
147900
147969
148019
148037
148052
148063
148141
148183
148185
148214
148230
148239
148240
148255
148320
148332
148348
148360
148403
148429
148434
148442
148464
148466
148486
148584
148598
148663
148666
148684
148698
148721
148742
148752
148772
148775
148782
148805
148851
148853
148868
148892
148898
148901
148905
148907
148942
148979
148998
149009
149023
149043
149055
149098
149113
149117
149164
149187
149231
149238
149256
149380
149391
149393
149405
149433
149438
149492
149504
149535
149538
149564
149573
149608
149693
149706
149727
149732
149766
149839
149890
149893
149923
149931
149939
149964
149972
149976
150026
150050
150073
150074
150098
150151
150154
150170
150188
150197
150239
150253
150277
150342
150382
150383
150386
150391
150417
150434
150437
150453
150463
150484
150495
150516
150589
150650
150675
150712
150724
150749
150862
150887
150912
150984
150998
151089
151098
151122
151131
151142
151154
151217
151248
151267
151319
151331
151350
151355
151369
151382
151395
151399
151411
151430
151447
151502
151507
151542
151573
151576
151581
151582
151583
151626
151627
151629
151659
151718
151738
151760
151766
151795
151818
151826
151882
151944
151946
151993
152116
152117
152127
152139
152212
152233
152247
152251
152256
152274
152289
152297
152328
152330
152333
152372
152375
152413
152428
152486
152496
152521
152536
152541
152561
152607
152634
152674
152678
152736
152762
152801
152819
152821
152824
152992
153009
153055
153056
153086
153101
153168
153269
153301
153304
153306
153340
153348
153401
153416
153420
153450
153534
153539
153549
153571
153578
153581
153583
153585
153586
153590
153617
153640
153666
153675
153696
153712
153721
153742
153755
153756
153760
153779
153788
153796
153883
153891
153936
153942
153949
154049
154071
154099
154109
154121
154129
154144
154172
154183
154231
154251
154256
154304
154329
154346
154354
154368
154404
154410
154441
154448
154454
154461
154463
154474
154496
154533
154537
154593
154594
154600
154641
154652
154671
154684
154695
154737
154769
154783
154785
154787
154799
154811
154816
154826
154971
154997
155012
155013
155015
155016
155044
155048
155076
155078
155089
155129
155133
155139
155158
155178
155203
155206
155224
155262
155270
155273
155315
155371
155389
155391
155422
155457
155460
155465
155473
155499
155519
155571
155594
155642
155655
155686
155691
155703
155705
155748
155828
155854
155873
155988
155995
156000
156017
156022
156039
156064
156065
156091
156105
156146
156202
156240
156274
156309
156326
156395
156407
156459
156480
156484
156486
156500
156520
156538
156576
156580
156602
156612
156614
156617
156682
156697
156721
156738
156755
156765
156769
156771
156783
156786
156794
156804
156823
156829
156849
156853
156869
156984
157009
157011
157022
157044
157194
157200
157223
157239
157263
157291
157296
157307
157358
157379
157386
157395
157405
157424
157455
157458
157463
157472
157486
157494
157496
157512
157524
157562
157564
157596
157613
157682
157816
157821
157828
157862
157866
157923
157965
157967
157970
158072
158095
158126
158162
158214
158255
158280
158287
158305
158307
158313
158323
158347
158348
158369
158376
158444
158472
158477
158525
158554
158581
158589
158603
158626
158641
158657
158663
158664
158674
158681
158689
158702
158740
158750
158793
158813
158861
158886
158904
158929
158955
158970
158973
158989
158994
158997
159038
159067
159085
159155
159203
159209
159220
159241
159267
159283
159333
159357
159362
159417
159435
159514
159551
159552
159601
159608
159651
159657
159692
159729
159777
159793
159795
159814
159816
159825
159948
159965
159969
159984
159993
160020
160022
160030
160077
160101
160123
160194
160201
160205
160214
160228
160233
160236
160237
160250
160280
160296
160310
160391
160419
160468
160515
160541
160571
160593
160656
160691
160693
160694
160707
160708
160711
160746
160753
160761
160766
160785
160814
160825
160881
160917
160922
160937
160959
160972
160977
161002
161069
161072
161077
161084
161116
161135
161138
161139
161194
161198
161204
161211
161235
161304
161306
161316
161318
161350
161351
161391
161415
161441
161455
161464
161479
161511
161559
161622
161654
161661
161663
161687
161695
161730
161739
161862
161930
161940
161968
161985
161996
162041
162096
162112
162115
162174
162194
162200
162204
162256
162293
162309
162328
162410
162450
162573
162584
162599
162617
162646
162703
162745
162758
162765
162781
162824
162837
162869
162875
162876
162902
162914
162924
162971
162979
162984
163050
163071
163100
163112
163145
163146
163182
163224
163226
163231
163250
163258
163262
163318
163321
163336
163353
163357
163365
163399
163404
163413
163472
163524
163532
163553
163644
163687
163700
163712
163730
163772
163821
163825
163830
163840
163868
163878
163881
163931
163938
163987
164028
164040
164041
164045
164097
164128
164147
164188
164201
164212
164236
164249
164315
164377
164437
164445
164457
164475
164498
164503
164551
164579
164600
164625
164658
164660
164698
164714
164753
164773
164780
164860
164861
164912
164914
164956
164982
165092
165097
165107
165122
165138
165152
165153
165173
165194
165262
165263
165265
165273
165290
165293
165323
165390
165396
165417
165427
165434
165439
165452
165530
165561
165603
165616
165623
165656
165693
165708
165720
165745
165817
165818
165827
165871
165905
165907
165964
165974
166017
166034
166040
166055
166096
166113
166126
166127
166160
166189
166227
166234
166252
166313
166317
166327
166361
166365
166399
166415
166425
166448
166455
166474
166500
166561
166581
166623
166625
166642
166643
166730
166739
166742
166747
166748
166766
166770
166772
166797
166807
166842
166866
166870
166881
166900
166972
166999
167006
167008
167011
167023
167097
167098
167122
167123
167148
167158
167202
167242
167276
167297
167366
167369
167374
167402
167464
167465
167468
167498
167499
167539
167543
167592
167594
167600
167619
167633
167666
167673
167714
167749
167750
167754
167763
167779
167858
167897
167901
167913
167952
167953
167958
167976
167984
167992
168014
168020
168022
168024
168044
168050
168058
168059
168075
168093
168113
168147
168155
168176
168184
168211
168213
168217
168268
168340
168390
168409
168427
168431
168464
168508
168510
168529
168590
168592
168599
168615
168618
168623
168644
168690
168770
168798
168803
168816
168847
168965
168981
168998
169062
169080
169087
169092
169094
169118
169120
169132
169152
169162
169289
169295
169313
169361
169386
169387
169388
169409
169432
169501
169609
169643
169655
169662
169680
169698
169701
169705
169735
169740
169813
169830
169855
169882
169888
169904
169938
169943
169960
169969
169975
170016
170017
170018
170040
170052
170098
170133
170153
170251
170272
170292
170324
170363
170374
170387
170465
170488
170492
170528
170546
170557
170608
170621
170635
170641
170814
170827
170867
170883
171025
171026
171044
171046
171066
171079
171117
171146
171170
171174
171233
171237
171238
171245
171296
171302
171322
171330
171347
171355
171368
171437
171508
171510
171515
171516
171530
171533
171538
171571
171587
171602
171606
171623
171674
171676
171723
171732
171735
171751
171800
171832
171842
171861
171875
171901
171905
171960
172056
172068
172097
172117
172209
172230
172241
172383
172386
172390
172420
172439
172445
172452
172463
172479
172488
172506
172535
172538
172565
172580
172604
172616
172629
172656
172660
172697
172710
172728
172730
172751
172760
172776
172843
172920
172929
172932
172935
172970
172980
172986
173003
173025
173077
173092
173114
173135
173139
173175
173266
173307
173320
173338
173408
173427
173431
173444
173459
173477
173521
173535
173543
173579
173583
173586
173593
173598
173600
173655
173664
173675
173703
173715
173756
173782
173817
173836
173841
173880
173895
173914
173934
173959
173962
174028
174029
174034
174052
174088
174102
174192
174195
174220
174226
174233
174248
174278
174279
174318
174331
174336
174338
174368
174370
174378
174379
174391
174409
174412
174452
174460
174466
174488
174528
174548
174568
174590
174608
174666
174681
174697
174718
174727
174778
174797
174852
174885
174971
174978
175014
175033
175086
175088
175155
175163
175168
175194
175214
175268
175274
175275
175279
175478
175505
175507
175521
175526
175535
175558
175578
175598
175607
175611
175641
175666
175670
175690
175698
175725
175743
175758
175775
175781
175792
175827
175833
175853
175872
175904
175920
175921
175949
175983
175994
175999
176010
176029
176030
176092
176105
176141
176216
176236
176250
176258
176275
176296
176303
176315
176321
176325
176336
176344
176351
176359
176370
176373
176459
176497
176529
176583
176598
176663
176666
176677
176727
176739
176749
176769
176799
176809
176849
176870
176917
176924
176931
176948
176956
176984
176990
176995
177025
177028
177113
177123
177164
177166
177202
177223
177273
177317
177353
177363
177385
177390
177427
177431
177448
177530
177541
177559
177567
177727
177743
177753
177760
177770
177776
177783
177784
177816
177823
177888
177918
177946
177948
177966
178031
178086
178096
178108
178117
178124
178172
178214
178229
178236
178254
178263
178267
178268
178284
178316
178378
178382
178392
178398
178407
178417
178424
178441
178467
178476
178505
178507
178582
178606
178617
178638
178647
178675
178693
178697
178769
178782
178834
178848
178850
178862
178865
178869
178870
178872
178876
178907
178911
178961
179029
179037
179055
179056
179081
179129
179131
179146
179149
179212
179220
179235
179259
179272
179292
179328
179355
179416
179432
179439
179469
179511
179512
179515
179588
179635
179672
179729
179747
179767
179768
179783
179834
179858
179860
179864
179893
179905
179921
179925
179971
179986
180004
180010
180013
180017
180060
180129
180152
180165
180179
180180
180234
180242
180246
180262
180288
180297
180308
180341
180373
180383
180411
180419
180469
180482
180519
180545
180568
180608
180641
180695
180719
180754
180776
180819
180839
180848
180881
180927
180940
180945
180972
180986
181028
181048
181100
181157
181190
181192
181210
181216
181219
181221
181232
181242
181245
181298
181309
181371
181377
181382
181522
181529
181558
181566
181584
181657
181703
181726
181727
181737
181767
181846
181857
181863
181866
181872
181887
181890
181896
181898
181900
181904
181928
181966
181970
182050
182072
182132
182157
182160
182162
182262
182275
182318
182368
182374
182414
182439
182472
182479
182484
182487
182499
182511
182522
182531
182581
182594
182600
182604
182653
182730
182752
182782
182790
182805
182819
182858
182951
182986
183074
183081
183089
183101
183115
183161
183168
183180
183235
183237
183249
183257
183296
183317
183350
183356
183357
183369
183402
183463
183470
183482
183521
183565
183577
183617
183620
183628
183631
183632
183666
183667
183702
183721
183723
183772
183835
183889
183936
183942
184020
184042
184043
184064
184097
184101
184187
184279
184307
184342
184346
184351
184400
184419
184435
184436
184437
184450
184477
184512
184547
184614
184632
184652
184703
184706
184835
184864
184865
184907
184923
184950
184955
184980
185010
185029
185055
185057
185059
185079
185080
185137
185145
185146
185160
185179
185194
185243
185249
185280
185299
185337
185389
185410
185414
185537
185567
185590
185670
185677
185683
185703
185705
185716
185783
185815
185826
185832
185848
185859
185866
185890
185905
185928
185975
186016
186149
186156
186178
186200
186219
186234
186273
186274
186289
186358
186374
186400
186444
186455
186489
186545
186559
186561
186570
186574
186578
186613
186642
186724
186765
186801
186816
186828
186903
186908
186933
186940
186959
186962
186978
187096
187124
187143
187147
187165
187192
187249
187289
187306
187312
187331
187332
187336
187384
187387
187409
187462
187467
187488
187504
187519
187526
187530
187537
187554
187556
187579
187584
187599
187633
187655
187701
187716
187730
187783
187855
187865
187877
187881
187897
187916
187931
187968
187989
188008
188014
188020
188069
188073
188081
188087
188100
188107
188120
188128
188149
188152
188160
188162
188164
188174
188186
188203
188206
188212
188222
188269
188273
188288
188335
188341
188351
188422
188445
188450
188457
188466
188484
188488
188527
188529
188534
188575
188625
188635
188650
188669
188749
188751
188764
188781
188788
188828
188842
188903
188916
188945
188991
189007
189017
189025
189026
189035
189037
189103
189121
189247
189254
189255
189259
189269
189270
189299
189318
189328
189330
189334
189358
189388
189392
189405
189430
189432
189433
189460
189474
189502
189528
189540
189558
189579
189582
189629
189630
189635
189638
189643
189646
189647
189685
189686
189712
189717
189781
189793
189860
189877
189893
189899
189907
189959
189996
190023
190045
190051
190091
190092
190147
190175
190205
190229
190286
190287
190299
190300
190304
190324
190344
190367
190388
190407
190420
190490
190492
190494
190559
190572
190587
190607
190616
190633
190634
190708
190731
190771
190772
190796
190800
190824
190846
190884
190885
190887
190897
190898
190930
190941
190961
191009
191027
191042
191077
191117
191130
191159
191175
191186
191204
191219
191266
191309
191330
191331
191369
191381
191398
191424
191444
191469
191491
191526
191544
191551
191561
191570
191578
191607
191630
191673
191714
191719
191733
191735
191736
191745
191772
191773
191866
191874
191914
191918
191946
191951
191968
191983
192011
192022
192042
192055
192056
192110
192113
192122
192144
192165
192168
192171
192182
192188
192213
192222
192229
192243
192247
192264
192297
192323
192336
192341
192378
192382
192407
192411
192414
192417
192461
192496
192514
192521
192533
192544
192581
192606
192607
192610
192646
192666
192667
192673
192687
192712
192761
192797
192838
192841
192885
192898
192912
192913
193001
193031
193056
193068
193109
193181
193193
193232
193240
193246
193251
193252
193262
193305
193358
193373
193399
193434
193440
193446
193447
193468
193491
193522
193544
193550
193556
193571
193584
193614
193619
193629
193636
193685
193714
193718
193753
193764
193771
193787
193806
193824
193832
193854
193856
193869
193877
193882
193902
193920
193944
193955
193957
193977
194017
194021
194037
194038
194160
194179
194270
194274
194279
194350
194354
194360
194378
194393
194398
194408
194441
194452
194460
194490
194561
194592
194608
194616
194635
194656
194678
194680
194685
194696
194731
194734
194783
194788
194802
194825
194831
194849
194935
194952
194953
195022
195047
195053
195060
195075
195097
195196
195208
195210
195215
195275
195276
195295
195307
195332
195367
195429
195434
195444
195449
195480
195483
195492
195531
195534
195541
195550
195562
195567
195571
195585
195599
195616
195640
195697
195706
195760
195781
195784
195793
195803
195862
195865
195875
195914
195920
195924
195928
195981
195995
195996
196087
196095
196122
196134
196149
196156
196195
196210
196286
196298
196346
196349
196351
196382
196458
196482
196537
196550
196562
196602
196650
196696
196700
196725
196733
196756
196760
196761
196778
196822
196839
196849
196857
196869
196889
196909
196931
196952
196953
197021
197046
197051
197106
197157
197160
197177
197195
197220
197239
197254
197285
197315
197329
197346
197356
197394
197448
197520
197524
197547
197582
197600
197617
197620
197732
197740
197758
197774
197787
197797
197804
197814
197850
197901
197914
197918
197959
197971
197983
198025
198030
198076
198093
198098
198104
198113
198146
198156
198195
198231
198348
198412
198416
198424
198440
198516
198518
198555
198559
198566
198568
198580
198606
198623
198666
198671
198715
198729
198748
198773
198774
198792
198804
198832
198844
198860
198898
198904
198960
198961
198967
198983
198995
199011
199015
199026
199067
199076
199087
199108
199194
199205
199207
199215
199257
199259
199282
199290
199368
199372
199374
199389
199435
199439
199443
199576
199590
199597
199605
199606
199617
199670
199697
199746
199803
199810
199842
199888
199931
199935
199975
199987
200034
200051
200081
200123
200150
200168
200201
200207
200236
200280
200283
200317
200384
200483
200490
200503
200520
200530
200533
200568
200574
200575
200598
200625
200656
200659
200683
200684
200718
200730
200815
200895
200957
201001
201016
201048
201068
201138
201148
201217
201218
201244
201258
201262
201282
201289
201298
201306
201327
201337
201417
201435
201436
201441
201473
201513
201532
201548
201564
201574
201629
201644
201654
201666
201682
201697
201702
201708
201734
201747
201754
201803
201840
201844
201855
201877
201881
201893
201904
201913
201922
201955
201981
201998
202008
202016
202042
202055
202087
202144
202187
202196
202207
202238
202252
202268
202297
202300
202382
202419
202431
202435
202448
202460
202524
202536
202540
202603
202617
202620
202636
202644
202659
202726
202730
202731
202756
202853
202885
202888
202898
202904
202936
202951
202958
202994
203004
203041
203053
203055
203074
203107
203122
203133
203145
203176
203195
203212
203220
203278
203290
203305
203312
203318
203326
203351
203375
203378
203394
203462
203478
203485
203498
203507
203510
203511
203551
203569
203575
203618
203640
203646
203690
203709
203750
203752
203758
203765
203786
203827
203887
203901
203918
203935
203974
203980
204086
204120
204176
204233
204260
204263
204266
204273
204279
204283
204303
204361
204363
204412
204447
204448
204457
204484
204491
204493
204498
204526
204527
204530
204567
204572
204583
204591
204605
204643
204669
204673
204676
204731
204741
204747
204753
204777
204799
204813
204824
204825
204843
204885
204892
204899
204900
204955
204958
204988
204998
205004
205012
205029
205035
205051
205056
205067
205071
205100
205139
205143
205179
205202
205222
205249
205261
205300
205312
205332
205336
205378
205418
205429
205481
205483
205486
205487
205502
205551
205577
205589
205622
205644
205649
205700
205719
205732
205767
205773
205780
205808
205810
205866
205890
205897
205904
205910
205918
205939
205947
205948
205966
205975
205985
206003
206021
206026
206083
206092
206100
206153
206200
206202
206247
206249
206288
206303
206330
206356
206371
206398
206400
206415
206462
206476
206505
206510
206517
206519
206550
206616
206656
206674
206714
206739
206781
206822
206838
206851
206853
206861
206874
206967
206975
206999
207005
207012
207014
207034
207075
207143
207181
207197
207208
207209
207308
207325
207328
207369
207390
207450
207453
207469
207485
207486
207497
207514
207525
207562
207608
207643
207745
207776
207807
207819
207890
207893
207895
207897
207913
207916
207959
207962
207975
208000
208080
208081
208083
208086
208110
208205
208238
208244
208319
208345
208346
208372
208380
208396
208431
208439
208459
208481
208482
208511
208516
208525
208545
208553
208565
208604
208645
208668
208690
208755
208789
208824
208856
208870
208875
208886
208921
208949
208995
208998
209003
209069
209074
209092
209098
209111
209158
209173
209176
209222
209230
209245
209246
209277
209364
209386
209449
209477
209488
209493
209509
209524
209556
209560
209561
209565
209588
209598
209610
209634
209652
209674
209750
209856
209875
209914
209937
209949
209958
209974
210018
210080
210110
210129
210148
210151
210186
210191
210216
210237
210285
210287
210340
210408
210434
210447
210532
210557
210565
210569
210576
210596
210598
210614
210636
210683
210692
210701
210719
210728
210731
210757
210804
210815
210940
210981
210985
210986
211045
211057
211104
211112
211119
211121
211175
211188
211218
211223
211257
211267
211333
211363
211369
211397
211424
211455
211465
211507
211575
211666
211674
211684
211755
211763
211778
211833
211850
211904
211924
211926
211957
211962
211969
212021
212025
212077
212090
212126
212144
212165
212172
212176
212197
212264
212293
212298
212300
212308
212335
212351
212399
212432
212465
212476
212477
212499
212509
212514
212620
212629
212683
212687
212758
212788
212832
212849
212885
212976
213003
213012
213080
213083
213098
213281
213311
213544
213551
213593
213595
213608
213625
213648
213662
213698
213839
213849
213871
213872
213883
213906
213922
213946
213953
214021
214024
214114
214137
214172
214190
214309
214332
214447
214519
214522
214525
214531
214601
214622
214643
214657
214698
214706
214717
214750
214815
214882
214898
214919
214939
214990
214998
215008
215020
215096
215140
215171
215227
215246
215282
215317
215380
215416
215443
215484
215502
215524
215576
215580
215619
215733
215735
215742
215766
215781
215806
215813
215838
215852
215856
215885
215892
215898
215914
216016
216024
216095
216122
216186
216210
216241
216246
216280
216315
216342
216384
216423
216441
216504
216526
216623
216661
216678
216764
216878
216891
216935
216937
216976
217052
217058
217120
217128
217185
217188
217278
217287
217296
217326
217334
217365
217398
217403
217435
217504
217506
217539
217607
217621
217666
217711
217713
217725
217732
217780
217787
217797
217817
217832
217859
217917
217997
218031
218100
218142
218147
218157
218158
218166
218216
218296
218314
218328
218332
218339
218344
218371
218478
218506
218509
218575
218578
218708
218814
218897
218901
218915
218916
218932
218933
218938
219000
219062
219094
219109
219207
219309
219311
219341
219344
219368
219375
219383
219464
219471
219503
219531
219547
219554
219564
219641
219663
219672
219676
219682
219726
219733
219739
220038
220058
220103
220152
220157
220158
220220
220222
220226
220310
220349
220374
220390
220402
220407
220461
220540
220541
220544
220564
220636
220690
220727
220765
220797
220802
220804
220858
220874
220918
220945
220968
221029
221053
221057
221066
221079
221093
221121
221137
221147
221176
221205
221218
221221
221233
221295
221296
221301
221308
221317
221339
221373
221441
221443
221470
221484
221577
221584
221588
221593
221639
221671
221693
221726
221736
221743
221806
221915
221919
221927
221958
222025
222026
222058
222069
222163
222232
222241
222342
222355
222360
222450
222497
222532
222536
222556
222570
222598
222625
222742
222770
222789
222798
222814
222815
222893
222913
222925
222946
222956
222960
222964
223138
223175
223189
223191
223271
223272
223282
223283
223331
223333
223341
223371
223411
223425
223435
223440
223473
223514
223541
223592
223596
223602
223618
223627
223659
223686
223719
223723
223724
223759
223783
223787
223813
223850
223854
223859
223886
223888
223903
223909
223976
224040
224055
224065
224102
224249
224260
224315
224332
224367
224406
224486
224498
224507
224553
224569
224580
224616
224671
224680
224696
224710
224801
224828
224867
224869
224923
224936
224938
224942
224966
224991
225012
225044
225054
225060
225094
225137
225139
225141
225159
225170
225241
225297
225298
225317
225330
225359
225389
225394
225416
225439
225449
225459
225474
225493
225533
225588
225612
225656
225668
225727
225772
225838
225862
225955
225974
226039
226048
226074
226144
226154
226155
226162
226183
226206
226262
226347
226400
226411
226450
226458
226468
226476
226493
226509
226516
226521
226560
226569
226573
226629
226633
226654
226692
226798
226823
226842
226879
226914
226944
226949
226953
226969
226991
227119
227123
227125
227137
227157
227162
227164
227188
227239
227286
227290
227329
227336
227347
227353
227430
227463
227471
227493
227571
227601
227604
227630
227637
227709
227757
227758
227889
227922
227978
228045
228087
228090
228099
228116
228134
228136
228166
228179
228182
228194
228212
228215
228224
228278
228326
228351
228421
228435
228439
228470
228532
228559
228569
228582
228612
228686
228722
228725
228733
228806
228813
228831
228904
228948
228981
229043
229047
229070
229108
229145
229154
229173
229205
229218
229249
229340
229409
229427
229450
229451
229474
229489
229493
229494
229565
229619
229668
229679
229690
229751
229771
229809
229846
229858
229880
229916
229965
230022
230036
230104
230135
230143
230147
230148
230149
230152
230178
230191
230196
230237
230267
230289
230300
230312
230348
230357
230360
230466
230525
230594
230604
230622
230648
230688
230695
230707
230748
230754
230774
230797
230800
230802
231008
231011
231026
231072
231117
231121
231124
231178
231193
231207
231212
231285
231345
231428
231436
231528
231531
231567
231568
231608
231636
231696
231760
231810
231827
231845
231886
231913
231937
231939
231943
231987
231993
232000
232008
232068
232087
232097
232114
232155
232184
232209
232235
232242
232298
232363
232388
232401
232412
232435
232494
232498
232533
232582
232599
232612
232640
232674
232679
232698
232757
232772
232783
232790
232799
232857
232858
232874
232875
232876
232880
232887
232892
232916
232969
232986
232989
233047
233092
233145
233180
233194
233297
233303
233341
233427
233447
233450
233471
233522
233527
233557
233602
233726
233727
233732
233783
233789
233795
233844
233850
233889
233911
233955
233968
233982
233987
234031
234041
234056
234093
234094
234136
234150
234196
234215
234276
234312
234341
234357
234361
234426
234493
234530
234619
234635
234728
234782
234799
234804
234841
234843
234884
234908
234972
234983
235010
235119
235150
235166
235247
235273
235324
235333
235363
235422
235437
235438
235492
235514
235586
235612
235637
235748
235757
235758
235824
235826
235895
235897
235903
235969
235995
236045
236056
236112
236122
236146
236181
236188
236218
236221
236224
236297
236336
236366
236474
236579
236592
236611
236678
236680
236753
236775
236791
236797
236814
236877
236909
236925
236977
237011
237074
237076
237187
237196
237224
237254
237259
237306
237338
237414
237467
237539
237553
237573
237576
237582
237590
237668
237670
237692
237693
237733
237782
237799
237800
237804
237855
237860
237861
237888
237890
237900
237912
237932
238041
238077
238081
238088
238106
238108
238113
238167
238200
238205
238284
238298
238366
238396
238452
238465
238482
238495
238540
238596
238679
238748
238789
238804
238883
238896
238931
238960
239013
239023
239026
239054
239067
239180
239211
239279
239315
239331
239401
239403
239412
239443
239454
239521
239533
239565
239619
239745
239780
239844
239868
239912
239971
239989
240016
240023
240039
240057
240059
240070
240074
240083
240099
240102
240116
240150
240181
240218
240365
240459
240487
240537
240551
240636
240648
240700
240705
240737
240743
240796
240867
240869
240893
240946
241039
241050
241067
241068
241093
241103
241125
241175
241232
241312
241411
241414
241431
241448
241453
241471
241480
241481
241507
241516
241519
241528
241547
241595
241682
241708
241764
241832
241847
241923
241946
241950
241973
242041
242067
242115
242121
242248
242260
242277
242284
242335
242375
242406
242445
242501
242537
242547
242550
242557
242559
242575
242582
242593
242670
242699
242717
242836
242881
242898
242931
242943
242950
242964
242999
243000
243020
243044
243046
243053
243055
243066
243089
243147
243214
243242
243250
243268
243306
243312
243334
243373
243376
243395
243418
243449
243498
243524
243562
243570
243616
243659
243678
243688
243757
243803
243829
243918
243920
243950
244002
244023
244054
244061
244085
244105
244176
244190
244197
244261
244328
244344
244352
244385
244433
244447
244459
244553
244583
244595
244596
244604
244610
244614
244616
244622
244661
244697
244765
244767
244777
244821
244908
244993
245004
245013
245029
245121
245158
245172
245232
245245
245260
245298
245328
245335
245338
245377
245396
245421
245596
245604
245606
245629
245634
245644
245666
245667
245729
245743
245774
245795
245804
245828
245830
245886
245902
245907
245921
245926
245929
245930
245950
245959
245985
245994
246006
246032
246043
246101
246123
246140
246159
246167
246212
246252
246293
246336
246351
246364
246419
246424
246429
246447
246491
246509
246561
246579
246580
246584
246620
246643
246645
246654
246655
246678
246714
246722
246740
246778
246804
246810
246820
246825
246843
246845
246849
246855
246858
246931
246948
246977
247216
247255
247259
247320
247342
247344
247349
247401
247412
247425
247458
247554
247580
247613
247649
247699
247731
247804
247813
247817
247887
247888
247931
247945
247965
247970
247971
248002
248020
248025
248046
248110
248112
248140
248162
248205
248238
248248
248273
248302
248304
248352
248473
248521
248542
248558
248568
248621
248632
248700
248703
248707
248722
248758
248771
248803
248809
248855
248866
248874
248915
248975
248996
248998
249174
249258
249281
249284
249300
249308
249333
249347
249363
249386
249390
249431
249481
249525
249574
249586
249594
249615
249635
249649
249677
249702
249703
249705
249724
249788
249836
249841
249849
249865
249870
249883
249947
249986
250012
250085
250121
250196
250197
250285
250296
250327
250349
250369
250380
250388
250422
250508
250527
250568
250619
250645
250655
250676
250701
250828
250852
250888
250891
250898
250911
250919
250932
250962
250997
251029
251059
251103
251128
251169
251170
251177
251183
251221
251381
251450
251468
251501
251515
251524
251536
251547
251560
251562
251589
251635
251650
251663
251754
251763
251767
251779
251787
251803
251804
251831
251877
251880
251904
251914
251935
251957
252043
252207
252211
252213
252222
252246
252263
252301
252319
252346
252379
252390
252410
252426
252444
252449
252477
252501
252528
252560
252581
252591
252615
252662
252682
252696
252733
252764
252766
252801
252809
252816
252890
252899
252918
252963
253095
253100
253226
253243
253249
253265
253275
253282
253294
253295
253311
253357
253363
253373
253472
253483
253533
253571
253583
253642
253645
253666
253731
253748
253752
253764
253775
253793
253826
253857
253862
253867
253869
253922
253927
253947
253955
254012
254020
254046
254063
254069
254081
254162
254174
254213
254343
254344
254383
254398
254424
254474
254522
254535
254538
254541
254568
254668
254742
254781
254815
254955
254964
254979
255004
255051
255062
255074
255130
255209
255223
255224
255276
255328
255346
255354
255356
255455
255480
255531
255535
255580
255591
255617
255649
255686
255726
255782
255804
255816
255840
255884
255892
255916
255951
255952
256003
256015
256017
256018
256062
256063
256089
256108
256113
256153
256164
256179
256195
256207
256288
256297
256315
256316
256392
256422
256494
256500
256544
256548
256558
256585
256606
256651
256695
256705
256712
256735
256758
256760
256780
256816
256846
256895
256939
256955
256956
257010
257111
257129
257155
257166
257177
257190
257192
257199
257219
257223
257226
257228
257302
257437
257488
257522
257524
257527
257547
257641
257652
257665
257697
257702
257714
257720
257733
257744
257814
257820
257838
257870
257890
257937
257944
257975
258062
258071
258076
258117
258139
258171
258187
258192
258211
258246
258277
258297
258321
258459
258482
258494
258509
258514
258526
258553
258648
258707
258713
258719
258740
258756
258789
258800
258810
258874
258937
258945
258946
259114
259115
259156
259198
259269
259277
259328
259335
259338
259348
259357
259374
259387
259397
259423
259437
259438
259449
259502
259507
259549
259571
259575
259583
259598
259674
259677
259699
259714
259737
259745
259840
259863
259877
259901
259941
259947
259948
259966
259969
260010
260015
260038
260049
260062
260069
260077
260083
260098
260134
260223
260253
260312
260338
260354
260356
260409
260475
260481
260501
260524
260572
260626
260652
260655
260659
260698
260705
260734
260764
260869
260879
260898
260942
260943
260991
261009
261055
261063
261111
261217
261276
261284
261303
261305
261325
261336
261371
261401
261410
261429
261448
261457
261469
261537
261539
261545
261578
261656
261672
261692
261700
261736
261738
261759
261763
261794
261870
261886
261894
261923
261945
261950
261955
261990
262037
262051
262069
262075
262103
262107
262109
262127
262149
262194
262214
262224
262237
262269
262275
262319
262341
262409
262424
262438
262448
262452
262486
262487
262496
262504
262510
262526
262527
262530
262539
262552
262575
262605
262670
262717
262755
262781
262790
262800
262903
262937
262955
262964
262991
263028
263034
263039
263065
263091
263109
263113
263144
263157
263185
263186
263252
263292
263332
263361
263397
263451
263460
263468
263490
263551
263620
263621
263657
263658
263671
263732
263756
263791
263860
263899
263950
263956
263984
264011
264084
264112
264128
264157
264178
264216
264252
264276
264306
264317
264382
264428
264431
264495
264507
264538
264539
264557
264601
264644
264728
264734
264736
264738
264752
264780
264808
264823
264847
264854
264941
264964
264971
264981
265023
265037
265124
265154
265163
265172
265190
265214
265269
265330
265384
265486
265490
265507
265522
265535
265545
265574
265580
265643
265651
265681
265708
265716
265762
265801
265862
265866
265880
265898
265903
266005
266021
266082
266087
266124
266149
266157
266224
266227
266233
266241
266253
266282
266308
266317
266383
266398
266416
266442
266507
266523
266547
266599
266603
266623
266686
266710
266745
266754
266810
266823
266895
266912
266955
266979
266997
267032
267033
267056
267065
267126
267138
267177
267245
267329
267357
267364
267401
267408
267420
267465
267497
267527
267537
267551
267560
267575
267602
267612
267618
267620
267650
267666
267689
267736
267737
267745
267765
267789
267830
267837
267855
267918
267933
267983
268032
268046
268050
268090
268092
268101
268128
268143
268160
268171
268251
268297
268337
268361
268362
268372
268398
268412
268417
268420
268437
268449
268464
268486
268494
268499
268531
268536
268589
268596
268615
268646
268683
268807
268809
268904
268906
268926
268933
268943
268959
269003
269025
269049
269083
269087
269140
269175
269184
269245
269257
269302
269305
269325
269337
269357
269403
269459
269466
269468
269484
269492
269504
269524
269610
269669
269701
269730
269732
269737
269758
269786
269816
269876
269878
269903
269942
269960
269982
270037
270040
270074
270103
270144
270152
270193
270195
270197
270201
270239
270292
270296
270311
270346
270379
270388
270397
270461
270522
270541
270563
270604
270679
270696
270761
270773
270784
270785
270999
271010
271047
271079
271166
271180
271225
271226
271237
271264
271397
271402
271455
271472
271488
271503
271532
271643
271645
271707
271732
271744
271895
271925
271958
271974
272014
272102
272113
272127
272147
272396
272421
272443
272451
272507
272549
272577
272592
272611
272655
272658
272677
272681
272718
272740
272746
272771
272793
272810
272860
272868
272885
272891
272904
272930
272935
272942
272964
272977
272994
273028
273029
273097
273138
273179
273191
273200
273207
273234
273267
273279
273298
273360
273363
273473
273474
273515
273538
273550
273555
273582
273623
273676
273677
273687
273723
273732
273775
273793
273801
273835
273846
273903
273916
273917
273920
273933
273940
274054
274057
274081
274117
274124
274145
274163
274170
274182
274185
274190
274196
274213
274214
274234
274238
274241
274250
274269
274300
274352
274355
274377
274378
274408
274425
274442
274447
274456
274470
274534
274536
274672
274687
274746
274792
274842
274875
274889
274989
274996
275001
275067
275075
275099
275115
275121
275174
275206
275232
275247
275361
275367
275371
275378
275394
275420
275433
275478
275507
275508
275569
275609
275689
275717
275755
275805
275809
275833
275841
275868
275905
275910
276019
276071
276094
276113
276226
276228
276256
276295
276296
276344
276363
276368
276373
276382
276391
276469
276527
276532
276630
276631
276695
276729
276740
276832
276847
276852
276875
276885
276891
276892
276922
276928
276932
277006
277012
277022
277044
277051
277052
277076
277155
277159
277224
277252
277361
277385
277386
277402
277407
277435
277476
277488
277515
277525
277701
277709
277737
277772
277789
277798
277805
277821
277855
277861
277867
277879
277977
277982
277988
278070
278116
278122
278140
278225
278250
278254
278295
278297
278316
278329
278333
278443
278466
278471
278544
278616
278790
278798
278810
278874
278923
278924
278930
278943
278963
279034
279046
279107
279131
279143
279160
279164
279170
279183
279206
279222
279249
279273
279274
279313
279330
279358
279376
279397
279406
279414
279421
279467
279482
279505
279528
279593
279610
279668
279696
279760
279776
279794
279836
279841
279843
279864
279883
279911
279933
279980
280027
280033
280061
280072
280078
280084
280103
280118
280125
280142
280144
280192
280226
280243
280277
280359
280394
280397
280445
280461
280480
280526
280534
280673
280691
280709
280752
280766
280799
280890
280896
280903
280907
280910
280952
280973
281029
281079
281238
281239
281268
281278
281302
281307
281311
281318
281321
281330
281351
281361
281369
281387
281562
281585
281623
281706
281715
281788
281790
281795
281796
281804
281855
281879
281893
281898
281900
281904
281948
281953
281992
282007
282014
282031
282039
282099
282112
282134
282158
282176
282242
282269
282276
282297
282359
282376
282431
282495
282535
282597
282598
282654
282657
282665
282733
282774
282797
282808
282843
282868
282925
282926
282938
282942
282958
282970
282990
283001
283013
283031
283039
283069
283077
283097
283102
283107
283119
283151
283184
283193
283214
283240
283251
283261
283286
283324
283397
283458
283472
283495
283520
283528
283560
283605
283614
283648
283661
283735
283768
283789
283798
283883
283911
283922
283935
284029
284072
284104
284123
284157
284170
284184
284196
284234
284238
284239
284242
284264
284341
284372
284397
284410
284441
284453
284461
284625
284648
284681
284710
284716
284719
284725
284753
284810
284823
284832
284840
284886
284904
284910
284916
284964
284969
284996
285003
285011
285050
285052
285061
285107
285111
285126
285146
285167
285190
285230
285248
285288
285292
285298
285365
285397
285412
285418
285431
285495
285499
285521
285523
285541
285552
285557
285584
285593
285608
285610
285613
285641
285658
285693
285740
285768
285784
285793
285818
285847
285884
285893
285919
285989
286043
286071
286096
286111
286203
286208
286250
286263
286301
286315
286351
286367
286394
286411
286433
286444
286479
286585
286595
286635
286647
286649
286668
286669
286706
286719
286818
286980
287013
287063
287088
287117
287173
287268
287316
287324
287369
287383
287396
287404
287569
287573
287594
287628
287631
287641
287677
287696
287701
287705
287706
287870
287924
287949
288006
288024
288030
288042
288090
288156
288226
288257
288299
288317
288327
288359
288378
288419
288423
288429
288459
288490
288539
288555
288561
288606
288615
288701
288702
288716
288786
288790
288805
288841
288900
288987
289051
289069
289167
289276
289285
289349
289365
289397
289420
289433
289584
289591
289613
289634
289707
289710
289755
289767
289854
289859
289871
289896
289944
289995
290010
290113
290114
290175
290196
290212
290241
290255
290263
290326
290363
290399
290445
290454
290466
290475
290505
290597
290611
290710
290743
290754
290855
290937
290962
291003
291072
291075
291162
291205
291356
291411
291424
291489
291497
291501
291505
291590
291600
291605
291688
291714
291750
291776
291790
291797
291808
291833
291877
291887
291903
292037
292057
292065
292079
292137
292173
292204
292205
292258
292323
292341
292387
292428
292439
292512
292635
292639
292643
292659
292713
292726
292739
292834
292897
292926
292939
292955
293014
293035
293073
293150
293152
293168
293315
293341
293360
293361
293362
293456
293479
293485
293529
293572
293578
293582
293583
293594
293615
293704
293805
293841
293869
293885
293890
293910
293921
294009
294018
294025
294062
294077
294092
294194
294229
294356
294357
294407
294463
294591
294608
294619
294624
294703
294720
294728
294731
294842
294867
294927
294941
294967
295003
295008
295040
295073
295083
295153
295154
295182
295195
295334
295337
295409
295410
295523
295626
295635
295636
295654
295756
295793
295865
295881
295883
295955
295958
295999
296009
296021
296032
296102
296103
296119
296192
296205
296250
296336
296388
296397
296413
296431
296435
296442
296517
296528
296598
296624
296692
296798
296872
296881
296926
296971
296989
297047
297137
297183
297216
297237
297330
297380
297396
297470
297487
297519
297526
297624
297679
297688
297743
297791
297817
297939
297942
297970
297976
298088
298094
298251
298295
298313
298335
298361
298370
298425
298441
298500
298557
298560
298579
298620
298622
298673
298714
298756
298764
298800
298833
298889
298899
298921
298942
298964
298966
299019
299070
299078
299084
299108
299138
299165
299201
299206
299302
299370
299396
299458
299481
299482
299485
299518
299549
299595
299777
299780
299806
299808
299886
299937
299938
299969
300011
300042
300122
300223
300229
300292
300317
300351
300416
300438
300467
300503
300554
300557
300582
300672
300674
300699
300707
300717
300778
300785
300801
300817
300880
300915
301023
301029
301050
301060
301194
301228
301255
301304
301346
301355
301364
301366
301369
301375
301376
301407
301545
301557
301625
301642
301683
301687
301733
301774
301832
301905
301919
301946
301948
301974
302014
302233
302328
302346
302352
302365
302369
302375
302448
302484
302505
302567
302605
302611
302713
302780
302813
302814
302815
302832
302891
302915
303057
303058
303170
303177
303188
303208
303259
303295
303358
303419
303486
303522
303553
303621
303663
303695
303720
303757
303825
303826
303832
303837
303892
303948
303990
304009
304080
304089
304207
304218
304223
304268
304281
304339
304340
304351
304408
304448
304462
304485
304486
304497
304564
304671
304858
304988
305013
305052
305104
305133
305151
305152
305192
305216
305248
305303
305314
305326
305340
305345
305373
305484
305485
305507
305528
305530
305601
305632
305648
305669
305719
305727
305759
305779
305785
305900
305971
305982
306010
306176
306192
306274
306287
306312
306323
306326
306379
306380
306390
306409
306414
306487
306509
306510
306580
306591
306671
306700
306884
306950
306980
306985
307065
307113
307172
307221
307334
307475
307490
307537
307540
307568
307581
307591
307621
307633
307635
307708
307720
307776
307812
307813
307834
307887
307988
308013
308050
308060
308091
308277
308296
308309
308316
308407
308415
308444
308645
308698
308708
308730
308786
308847
308855
308860
308918
308921
308942
308948
308960
308966
308971
309025
309032
309033
309034
309092
309190
309210
309242
309251
309298
309313
309440
309460
309510
309549
309605
309735
309739
309786
309864
309879
309992
310019
310237
310354
310369
310370
310418
310459
310514
310543
310564
310622
310675
310718
310779
310826
310854
310860
310869
310872
310874
310904
310906
310916
311014
311031
311037
311061
311071
311099
311119
311165
311184
311220
311228
311244
311246
311269
311285
311300
311317
311342
311348
311372
311383
311449
311454
311501
311509
311557
311558
311593
311609
311679
311709
311716
311717
311755
311856
311877
311901
311943
311997
312104
312223
312236
312349
312446
312451
312452
312487
312611
312645
312662
312739
312758
312784
312798
312913
312938
312951
312967
312970
312971
313030
313224
313268
313359
313372
313390
313539
313557
313624
313666
313680
313707
313784
313805
313845
313885
313898
314037
314067
314074
314156
314186
314194
314250
314275
314303
314359
314368
314381
314423
314438
314497
314519
314611
314619
314620
314732
314765
314773
314892
314899
314986
315038
315080
315104
315184
315201
315228
315247
315320
315325
315369
315395
315464
315524
315571
315572
315607
315670
315684
315702
315710
315775
315776
315801
315858
315917
315975
315979
316069
316105
316118
316126
316127
316200
316201
316238
316286
316287
316335
316364
316375
316388
316401
316451
316467
316548
316556
316577
316592
316641
316668
316774
316786
316800
316847
316882
316965
317219
317244
317269
317376
317412
317456
317473
317506
317513
317586
317613
317643
317644
317702
317714
317762
317798
317819
317847
317874
317891
317941
318002
318051
318053
318061
318101
318163
318172
318210
318221
318244
318272
318292
318352
318387
318445
318459
318474
318493
318511
318573
318586
318596
318598
318663
318809
318866
318955
319014
319041
319053
319099
319147
319206
319224
319230
319244
319251
319309
319316
319327
319335
319351
319401
319419
319423
319445
319486
319493
319593
319616
319631
319659
319673
319701
319715
319719
319740
319801
319884
319969
319973
319993
320034
320071
320143
320193
320241
320292
320314
320341
320360
320429
320435
320542
320597
320722
320734
320809
320840
320846
320891
320953
321007
321015
321040
321066
321071
321097
321112
321131
321152
321242
321268
321302
321322
321327
321417
321625
321636
321666
321726
321834
321844
321868
321912
321923
321929
321931
321932
321936
321951
321960
322024
322131
322185
322199
322205
322243
322366
322368
322389
322398
322425
322429
322431
322499
322535
322544
322631
322652
322684
322723
322726
322731
322759
322783
322807
322809
322847
322905
322925
323016
323067
323071
323074
323082
323120
323130
323203
323281
323341
323363
323373
323443
323448
323473
323576
323622
323670
323689
323716
323796
323973
323976
323987
324035
324041
324087
324197
324215
324236
324285
324365
324366
324370
324371
324404
324413
324453
324490
324512
324513
324534
324544
324566
324699
324702
324718
324876
324928
325154
325205
325252
325258
325302
325332
325343
325391
325455
325501
325515
325529
325534
325568
325676
325763
325785
325789
325888
325906
325910
326004
326039
326045
326072
326085
326098
326170
326182
326183
326217
326233
326260
326315
326342
326371
326507
326574
326585
326588
326592
326617
326642
326679
326737
326817
326840
326871
326882
326883
327088
327215
327280
327310
327318
327445
327490
327501
327502
327529
327536
327598
327625
327637
327676
327720
327827
327873
327883
327909
327929
327937
328001
328071
328161
328174
328204
328240
328260
328284
328404
328423
328438
328470
328549
328645
328677
328679
328759
328778
328884
328924
329003
329011
329037
329041
329045
329060
329108
329206
329222
329405
329417
329433
329469
329506
329537
329651
329788
329796
329821
329835
329901
330017
330020
330043
330152
330168
330260
330264
330265
330292
330423
330539
330627
330633
330689
330710
330718
330768
330794
330891
330945
330995
331009
331091
331132
331135
331162
331164
331169
331204
331206
331216
331258
331293
331339
331363
331389
331395
331418
331435
331462
331576
331611
331635
331641
331668
331707
331813
331845
331855
331865
331937
331987
332025
332062
332231
332337
332376
332438
332440
332444
332555
332690
332796
332797
332861
332879
332956
332997
333004
333032
333035
333055
333115
333161
333172
333177
333250
333264
333394
333535
333542
333554
333565
333654
333691
333695
333710
333915
333921
333942
333958
333962
333982
333994
334010
334032
334064
334104
334122
334127
334162
334201
334227
334281
334294
334295
334304
334320
334322
334348
334384
334418
334433
334465
334542
334552
334571
334634
334650
334663
334730
334758
334776
334815
334851
334901
335001
335007
335037
335080
335125
335247
335255
335391
335460
335467
335507
335521
335546
335592
335666
335668
335690
335700
335769
335824
335847
336011
336043
336088
336107
336172
336243
336252
336253
336293
336440
336489
336526
336528
336558
336710
336978
337034
337089
337096
337102
337117
337124
337125
337171
337280
337306
337471
337629
337644
337671
337855
337916
337948
338019
338083
338105
338120
338148
338197
338228
338256
338318
338330
338337
338357
338362
338432
338489
338531
338558
338574
338604
338608
338618
338656
338673
338706
338711
338716
338721
338743
338768
338780
338851
338969
339002
339105
339163
339184
339209
339226
339237
339238
339302
339321
339323
339349
339359
339360
339415
339431
339467
339526
339568
339610
339629
339681
339743
339771
339819
339841
339852
339861
339866
339883
339907
339921
339922
339940
339953
339963
339964
340015
340017
340075
340078
340100
340102
340104
340175
340177
340215
340267
340372
340406
340414
340418
340507
340511
340530
340628
340639
340647
340767
340780
340786
340798
340883
340906
340945
340995
341009
341075
341096
341120
341149
341177
341233
341263
341318
341353
341360
341391
341439
341606
341654
341694
341709
341720
341744
341839
341878
341921
341961
341967
342068
342120
342235
342310
342371
342429
342444
342455
342487
342531
342564
342616
342620
342676
342709
342777
342872
342935
342939
342950
342984
342988
343028
343029
343070
343108
343231
343235
343277
343284
343374
343399
343414
343428
343437
343587
343674
343693
343700
343786
343802
343804
343818
343885
343909
343914
343919
343976
344009
344029
344043
344153
344199
344227
344242
344245
344297
344314
344337
344356
344409
344411
344484
344520
344529
344572
344579
344592
344593
344634
344663
344678
344722
344798
344801
344826
344832
344848
344896
344947
344981
345130
345132
345199
345222
345227
345256
345289
345296
345297
345302
345340
345359
345485
345499
345614
345623
345635
345749
345842
345864
345899
345907
346024
346025
346036
346056
346058
346084
346108
346172
346223
346277
346344
346353
346357
346363
346381
346382
346408
346416
346417
346453
346467
346479
346506
346543
346552
346554
346585
346596
346625
346631
346644
346684
346689
346703
346780
346782
346788
346793
346884
346910
346967
347005
347009
347030
347043
347073
347095
347151
347226
347239
347250
347261
347318
347324
347365
347451
347458
347528
347604
347618
347663
347700
347733
347770
347772
347795
347849
347915
347919
347928
347934
347937
347972
348007
348039
348048
348112
348224
348289
348302
348310
348390
348525
348548
348561
348713
348745
348771
348807
348857
348862
348971
348973
348976
348991
348992
349037
349063
349087
349173
349221
349289
349306
349310
349371
349416
349442
349484
349521
349527
349528
349559
349617
349631
349649
349650
349707
349738
349786
349818
349823
349880
349885
349888
349896
349901
349929
349994
350006
350084
350133
350172
350262
350290
350309
350355
350427
350473
350492
350518
350528
350572
350585
350591
350645
350662
350676
350685
350731
350777
350818
350838
350883
351067
351081
351091
351142
351208
351251
351294
351396
351398
351433
351454
351649
351695
351726
351748
351783
351788
351796
351846
351863
351901
352030
352051
352123
352166
352179
352230
352255
352279
352321
352384
352404
352455
352474
352489
352527
352531
352558
352625
352672
352708
352731
352781
352849
352917
352928
352937
353044
353099
353131
353149
353169
353176
353190
353201
353281
353422
353552
353560
353611
353631
353681
353797
353821
353905
353936
353980
354017
354061
354069
354083
354096
354128
354151
354156
354194
354231
354240
354267
354304
354344
354368
354409
354424
354497
354654
354693
354710
354722
354736
354775
354795
354882
354914
354987
355002
355005
355009
355022
355025
355041
355085
355090
355094
355097
355147
355181
355184
355225
355232
355234
355235
355268
355276
355277
355292
355294
355329
355477
355483
355503
355507
355557
355567
355620
355623
355632
355644
355692
355708
355731
355735
355787
355819
355857
355931
355956
356091
356107
356180
356181
356222
356258
356262
356273
356305
356379
356398
356430
356449
356475
356618
356660
356753
356795
356806
356836
356839
356862
356926
357015
357034
357035
357049
357111
357130
357222
357227
357238
357396
357430
357453
357550
357614
357615
357656
357707
357715
357762
357775
357810
357867
357890
357928
357932
357982
358020
358030
358039
358057
358071
358095
358192
358206
358227
358281
358294
358384
358449
358470
358480
358543
358570
358625
358676
358745
358757
358869
358899
358908
358933
358969
358974
358996
359069
359106
359152
359192
359243
359244
359249
359271
359309
359385
359403
359405
359424
359605
359618
359625
359719
359778
359785
359875
359894
359952
360010
360079
360111
360131
360225
360232
360329
360343
360412
360415
360416
360463
360521
360528
360534
360590
360636
360803
360807
360827
360895
360929
361026
361027
361035
361067
361122
361174
361195
361201
361413
361438
361439
361441
361450
361467
361488
361514
361544
361560
361564
361569
361606
361617
361620
361645
361726
361749
361815
361819
361833
361916
361971
362224
362232
362261
362295
362364
362431
362510
362528
362555
362677
362841
363045
363061
363076
363136
363165
363180
363208
363234
363243
363267
363315
363480
363501
363512
363558
363651
363665
363731
363770
363771
363780
363812
363833
363953
363963
364024
364028
364045
364069
364073
364084
364176
364212
364228
364231
364249
364254
364325
364328
364386
364397
364427
364489
364530
364552
364561
364594
364628
364630
364650
